1.256299,0.357899,-0.371198,-0.231329,-0.246308,-0.031176
0.357899,0.506441,0.159567,0.087212,0.011837,-0.047601
-0.371198,0.159567,0.285138,0.169976,0.125111,-0.018646
-0.231329,0.087212,0.169976,0.105632,0.073042,-0.009058
-0.246308,0.011837,0.125111,0.073042,0.068266,0.001525
-0.031176,-0.047601,-0.018646,-0.009058,0.001525,0.039695
