1.147787,-1.812906,0.780459,0.032331,-1.488427,-0.643415
-1.812906,3.790627,-0.958587,0.554504,3.696956,1.354129
0.780459,-0.958587,1.022828,0.459436,-1.460940,-0.235984
0.032331,0.554504,0.459436,2.098377,-0.272115,0.488080
-1.488427,3.696956,-1.460940,-0.272115,7.817461,1.293999
-0.643415,1.354129,-0.235984,0.488080,1.293999,0.591494
