2.391966,-4.446765,1.833679,0.132646,0.135426,0.300861
-4.446765,11.137276,-0.925577,1.542150,-0.022334,-0.815359
1.833679,-0.925577,3.635234,1.731693,0.240829,-0.003732
0.132646,1.542150,1.731693,1.308921,-0.047704,-0.241819
0.135426,-0.022334,0.240829,-0.047704,0.373942,0.171013
0.300861,-0.815359,-0.003732,-0.241819,0.171013,0.260483
