7.063512,3.838198,-6.869289,8.490246,-2.522419,6.406060
3.838198,2.464539,-4.024715,6.112751,-1.974840,5.367989
-6.869289,-4.024715,6.906143,-9.413144,2.919037,-7.685216
8.490246,6.112751,-9.413144,16.145067,-5.425560,15.175831
-2.522419,-1.974840,2.919037,-5.425560,1.865755,-5.300425
6.406060,5.367989,-7.685216,15.175831,-5.300425,15.219711
